0 0.436793 0.949986 0.123320 0.100028
0 0.825617 0.553174 0.072453 0.071042
0 0.559059 0.775174 0.082117 0.124764
0 0.765441 0.604708 0.067867 0.070806
0 0.484250 0.461451 0.030563 0.032653
0 0.323359 0.528771 0.047531 0.065042
0 0.391277 0.429840 0.031773 0.020986
0 0.459453 0.471597 0.036094 0.034861
0 0.835090 0.689382 0.090305 0.084542
0 0.555629 0.460847 0.035242 0.038972
0 0.282715 0.652715 0.056102 0.099875
0 0.502848 0.649896 0.069930 0.107847
0 0.245195 0.468882 0.037844 0.045958
0 0.352063 0.438153 0.024984 0.019639
0 0.216168 0.393771 0.009867 0.016181
0 0.199664 0.394278 0.024281 0.019222
0 0.971887 0.719896 0.056227 0.082792
0 0.614270 0.503056 0.046961 0.044861
0 0.633359 0.478861 0.042578 0.033944
0 0.621402 0.453507 0.044117 0.033153
0 0.323332 0.419229 0.029586 0.024625
0 0.303988 0.400181 0.027695 0.017528
0 0.272785 0.409111 0.029398 0.024611
0 0.384355 0.484764 0.043930 0.041972
0 0.314398 0.477771 0.040625 0.033403
0 0.262348 0.543674 0.041133 0.055069
0 0.228598 0.930972 0.111039 0.138056
