0 0.821996 0.559021 0.068773 0.055764
0 0.709703 0.551840 0.060687 0.062014
0 0.801980 0.506889 0.066039 0.047667
0 0.680977 0.499708 0.050391 0.048583
0 0.258113 0.549444 0.040336 0.067778
0 0.961313 0.604868 0.071906 0.071653
0 0.651289 0.442014 0.121641 0.083472
0 0.507062 0.426986 0.101953 0.079389
0 0.385414 0.427083 0.024922 0.023028
0 0.361070 0.411056 0.027375 0.021861
0 0.343938 0.429854 0.024594 0.019819
0 0.300063 0.418625 0.024797 0.020278
0 0.282727 0.403410 0.027000 0.022625
0 0.778430 0.655236 0.084578 0.071583
0 0.248383 0.399896 0.025453 0.022625
0 0.218973 0.393264 0.017992 0.019500
0 0.189309 0.412451 0.030539 0.027986
0 0.274605 0.490007 0.037367 0.042153
0 0.320793 0.480396 0.035664 0.030347
0 0.372008 0.512264 0.040969 0.050250
0 0.257035 0.946229 0.096023 0.107542
0 0.471379 0.972118 0.104211 0.055764
0 0.626195 0.866847 0.114016 0.160250
0 0.565293 0.478840 0.051898 0.052153
0 0.422941 0.562340 0.049586 0.071986
0 0.301055 0.651563 0.051656 0.090069
0 0.330996 0.539361 0.040039 0.057611
0 0.572500 0.520764 0.043438 0.043750
