0 0.282738 0.782111 0.078508 0.169556
0 0.936516 0.692208 0.085641 0.076556
0 0.979398 0.580125 0.041125 0.071694
0 0.447281 0.573403 0.053781 0.065833
0 0.610254 0.474090 0.050336 0.051625
0 0.397578 0.657521 0.069687 0.137236
0 0.676910 0.580743 0.062211 0.066819
0 0.522504 0.693181 0.066523 0.116250
0 0.682719 0.721694 0.086203 0.128083
0 0.811191 0.676153 0.085023 0.082917
0 0.926398 0.608486 0.078141 0.075306
0 0.589414 0.531653 0.048828 0.045250
0 0.887004 0.962799 0.140367 0.074403
0 0.678609 0.962896 0.110047 0.074208
0 0.545418 0.580903 0.066445 0.091417
0 0.276473 0.588986 0.038227 0.057444
0 0.286484 0.630653 0.043688 0.076056
0 0.329234 0.544583 0.041812 0.054389
0 0.340395 0.489347 0.038195 0.054833
0 0.350969 0.463229 0.023500 0.032903
0 0.237270 0.521722 0.035258 0.047528
0 0.202453 0.477590 0.032031 0.047014
0 0.212883 0.437896 0.031734 0.031347
0 0.240941 0.465056 0.035555 0.036556
0 0.263270 0.450174 0.037305 0.034986
0 0.171016 0.392458 0.012047 0.016722
0 0.186883 0.396111 0.019094 0.018806
0 0.235066 0.404729 0.027320 0.022458
0 0.261508 0.409167 0.022625 0.020889
0 0.313805 0.415438 0.026734 0.025069
0 0.371559 0.411750 0.037586 0.028028
0 0.375496 0.425042 0.024633 0.027528
0 0.392633 0.439486 0.032500 0.036556
0 0.444363 0.464472 0.036211 0.035889
0 0.472453 0.424868 0.043234 0.041736
0 0.499336 0.482611 0.043891 0.041750
0 0.536535 0.438715 0.035336 0.030431
0 0.663152 0.476292 0.043758 0.030861
