0 0.326047 0.417507 0.030156 0.025958
0 0.595125 0.528715 0.048922 0.060597
0 0.722699 0.548438 0.064523 0.070153
0 0.350566 0.472292 0.043086 0.065972
0 0.243734 0.429910 0.036375 0.032347
0 0.254707 0.455403 0.031148 0.032639
0 0.971324 0.726243 0.057352 0.112403
0 0.834383 0.553701 0.079203 0.063458
0 0.519992 0.438417 0.037938 0.042139
0 0.432926 0.421889 0.033383 0.031361
0 0.384941 0.425271 0.015555 0.023264
0 0.364836 0.436222 0.036422 0.035750
0 0.839027 0.618604 0.091758 0.080875
0 0.285551 0.403181 0.028445 0.020222
0 0.175184 0.391847 0.017867 0.019528
0 0.200590 0.396944 0.021148 0.023306
0 0.216164 0.398257 0.012297 0.016042
0 0.341602 0.543194 0.041172 0.061944
0 0.249348 0.519097 0.045680 0.079306
0 0.289871 0.598542 0.081305 0.166806
0 0.440617 0.581764 0.052109 0.067083
0 0.447813 0.457743 0.046500 0.048264
0 0.626020 0.499549 0.052102 0.053181
0 0.491508 0.462472 0.038531 0.040222
0 0.532348 0.674667 0.070008 0.105194
0 0.499820 0.556868 0.065250 0.073042
