0 0.211168 0.403007 0.018195 0.018931
0 0.261262 0.410875 0.027836 0.021278
0 0.402855 0.417201 0.031148 0.028264
0 0.912434 0.596375 0.083930 0.060583
0 0.747363 0.577972 0.068242 0.064361
0 0.919672 0.551667 0.069344 0.043306
0 0.333816 0.486021 0.042555 0.046042
0 0.322051 0.417250 0.041477 0.034167
0 0.251699 0.551090 0.041086 0.049458
0 0.292254 0.506646 0.039008 0.062097
0 0.328020 0.541375 0.038570 0.062972
0 0.508844 0.566375 0.054641 0.063167
0 0.897281 0.460250 0.070922 0.064389
0 0.301063 0.596229 0.042797 0.074347
0 0.544289 0.733528 0.073797 0.110306
0 0.737738 0.492535 0.051555 0.051847
0 0.293238 0.778486 0.072430 0.150000
0 0.388012 0.631785 0.078273 0.188514
0 0.433289 0.569493 0.030484 0.060681
0 0.733637 0.792785 0.111492 0.165847
0 0.430723 0.507972 0.045195 0.066361
0 0.371051 0.474785 0.036055 0.042431
0 0.261137 0.482924 0.034148 0.037431
0 0.261328 0.455785 0.033000 0.031014
0 0.289398 0.437743 0.037937 0.035403
0 0.194551 0.388799 0.020570 0.019847
