0 0.502387 0.554028 0.049195 0.056472
0 0.866848 0.720812 0.096039 0.097514
0 0.620637 0.550562 0.052273 0.055542
0 0.240484 0.466326 0.041906 0.049708
0 0.396125 0.691528 0.059344 0.093444
0 0.745027 0.559569 0.055695 0.054778
0 0.289469 0.501903 0.037484 0.041806
0 0.560852 0.510090 0.048672 0.048569
0 0.653832 0.518431 0.048742 0.039361
0 0.266742 0.542479 0.039016 0.062736
0 0.775531 0.543208 0.052156 0.044750
0 0.732695 0.624729 0.068672 0.067792
0 0.206445 0.485903 0.033047 0.057083
0 0.454266 0.959000 0.114891 0.082000
0 0.428488 0.501000 0.041539 0.048556
0 0.365992 0.510951 0.042484 0.052264
0 0.197281 0.438799 0.017516 0.026347
0 0.222383 0.425847 0.032453 0.025694
0 0.218004 0.403125 0.028477 0.018139
0 0.347953 0.431653 0.034266 0.025056
0 0.363906 0.424604 0.011641 0.019569
0 0.438578 0.443000 0.033297 0.030972
0 0.506641 0.447389 0.118359 0.130833
0 0.667102 0.498160 0.040516 0.030236
