0 0.338621 0.542938 0.047289 0.061986
0 0.456187 0.604014 0.051344 0.077194
0 0.715336 0.513646 0.055375 0.059792
0 0.700340 0.598917 0.066695 0.071306
0 0.267227 0.587076 0.047422 0.076542
0 0.521508 0.653722 0.071312 0.110250
0 0.850840 0.694007 0.089523 0.083181
0 0.409402 0.675194 0.059086 0.113833
0 0.361965 0.436868 0.032477 0.030958
0 0.309922 0.403514 0.025000 0.018528
0 0.676609 0.960694 0.117422 0.078611
0 0.494578 0.551604 0.049063 0.053264
0 0.421570 0.545597 0.055234 0.061111
0 0.237105 0.520160 0.034023 0.051014
0 0.263895 0.480653 0.035289 0.041528
0 0.230758 0.450639 0.040125 0.033861
0 0.176641 0.393069 0.015141 0.010139
0 0.210215 0.403021 0.017773 0.015986
0 0.223715 0.387604 0.030727 0.021847
0 0.241930 0.407292 0.030281 0.019944
0 0.265852 0.395604 0.018437 0.015208
0 0.313805 0.423507 0.023484 0.022625
0 0.372070 0.406146 0.027656 0.021458
0 0.444715 0.461347 0.036867 0.032778
0 0.489152 0.437937 0.029633 0.031986
0 0.461063 0.448667 0.027875 0.033944
0 0.284801 0.686444 0.060633 0.123778
0 0.598117 0.464076 0.025453 0.031208
0 0.980676 0.607063 0.038648 0.160292
0 0.246949 0.907264 0.098727 0.153556
0 0.877773 0.645674 0.082687 0.071264
0 0.576258 0.483083 0.050875 0.052889
0 0.774734 0.870417 0.118641 0.148306
