0 0.397137 0.446306 0.032242 0.026972
0 0.325012 0.422257 0.032164 0.025069
0 0.555070 0.466111 0.051266 0.045833
0 0.635223 0.557438 0.058961 0.051931
0 0.772852 0.652861 0.078312 0.090583
0 0.814422 0.519597 0.059906 0.057917
0 0.768801 0.568944 0.067367 0.067306
0 0.608117 0.889674 0.110719 0.182292
0 0.275813 0.707993 0.062688 0.101264
0 0.271941 0.832722 0.080508 0.161889
0 0.686523 0.742688 0.090188 0.116347
0 0.497332 0.481389 0.042758 0.038750
0 0.462691 0.949444 0.114289 0.095083
0 0.762918 0.409319 0.037430 0.050444
0 0.965617 0.707667 0.064375 0.065278
0 0.594820 0.464826 0.035406 0.039347
0 0.430426 0.434847 0.035477 0.033722
0 0.316523 0.403653 0.025797 0.016528
0 0.264172 0.406854 0.025797 0.022264
0 0.237906 0.408708 0.027125 0.019889
0 0.191812 0.398764 0.017641 0.014833
0 0.306766 0.470326 0.036906 0.034681
0 0.273906 0.488979 0.036063 0.042847
0 0.239492 0.533743 0.034281 0.047847
0 0.478055 0.610486 0.060937 0.081250
0 0.377984 0.617160 0.052344 0.087014
