0 0.453117 0.523660 0.044984 0.054236
0 0.265586 0.483271 0.039500 0.046819
0 0.257246 0.552326 0.040383 0.056181
0 0.585313 0.525160 0.048750 0.041431
0 0.275234 0.601646 0.043438 0.070597
0 0.778258 0.561993 0.084734 0.095264
0 0.480227 0.441646 0.036422 0.028931
0 0.718422 0.604090 0.064609 0.080347
0 0.850078 0.562396 0.061766 0.079153
0 0.528711 0.726479 0.068359 0.103097
0 0.456922 0.587201 0.055906 0.070347
0 0.386320 0.626479 0.060344 0.094069
0 0.482926 0.471910 0.041492 0.029542
0 0.613719 0.476444 0.036594 0.034639
0 0.575605 0.480167 0.052039 0.051056
0 0.183840 0.391438 0.017383 0.016903
0 0.373680 0.440986 0.033766 0.031472
0 0.407809 0.435063 0.029508 0.028264
0 0.776363 0.423479 0.046727 0.042931
0 0.211461 0.399021 0.026063 0.016903
0 0.249738 0.395958 0.026555 0.019528
0 0.306184 0.413299 0.020102 0.019597
0 0.170313 0.393771 0.014266 0.018069
0 0.816355 0.929104 0.147430 0.141792
0 0.433297 0.938931 0.133219 0.122139
0 0.345910 0.490493 0.042133 0.049542
