0 0.990824 0.642319 0.018023 0.057972
0 0.438078 0.582187 0.048578 0.062819
0 0.623305 0.679708 0.078016 0.101861
0 0.262273 0.898542 0.121719 0.191667
0 0.616543 0.497646 0.051570 0.059653
0 0.285625 0.625569 0.053938 0.103528
0 0.736105 0.518403 0.052773 0.050639
0 0.662461 0.468757 0.046969 0.039792
0 0.475465 0.632667 0.058289 0.081889
0 0.841008 0.615944 0.069703 0.069472
0 0.778332 0.648674 0.087617 0.105681
0 0.550770 0.472118 0.048148 0.055625
0 0.290816 0.502028 0.036648 0.046222
0 0.230602 0.470250 0.033172 0.030500
0 0.327562 0.540125 0.040969 0.061639
0 0.543262 0.583465 0.056117 0.076264
0 0.461730 0.521833 0.049352 0.060583
0 0.385012 0.483951 0.035961 0.037014
0 0.378871 0.511715 0.044695 0.062736
0 0.323348 0.445431 0.037086 0.048389
0 0.269473 0.433722 0.031602 0.024972
0 0.237328 0.440167 0.033562 0.026139
0 0.274848 0.463375 0.036211 0.032000
0 0.192262 0.444910 0.008633 0.020764
0 0.174969 0.376062 0.062719 0.062292
0 0.223469 0.406083 0.023109 0.019417
0 0.253559 0.400896 0.021836 0.020764
0 0.265238 0.414208 0.021836 0.016694
0 0.298379 0.404958 0.028695 0.018056
0 0.342941 0.419396 0.027430 0.017153
0 0.367699 0.440167 0.028180 0.023472
0 0.462922 0.449194 0.034281 0.032500
0 0.397027 0.448292 0.029461 0.025278
0 0.517258 0.433847 0.042406 0.034306
0 0.565570 0.450229 0.022609 0.032375
0 0.700043 0.537701 0.057023 0.058625
