0 0.198914 0.449146 0.016500 0.037458
0 0.374941 0.517354 0.042930 0.051125
0 0.495363 0.628722 0.060992 0.102194
0 0.466086 0.447361 0.037828 0.037222
0 0.541961 0.501951 0.050797 0.049708
0 0.419648 0.433576 0.037578 0.030764
0 0.331727 0.482639 0.039203 0.041389
0 0.344762 0.422319 0.031102 0.020361
0 0.876508 0.931986 0.154172 0.136028
0 0.704891 0.501986 0.058656 0.049361
0 0.369398 0.587653 0.046719 0.076750
0 0.443539 0.502944 0.049437 0.066778
0 0.401004 0.677424 0.060992 0.114903
0 0.657918 0.699174 0.088586 0.113542
0 0.308668 0.521285 0.039961 0.057486
0 0.650879 0.573160 0.051320 0.038792
0 0.628617 0.510549 0.052250 0.047597
0 0.920125 0.651618 0.100234 0.102764
0 0.766156 0.642278 0.077375 0.085111
0 0.597602 0.826569 0.094047 0.139778
0 0.542980 0.458042 0.046852 0.038111
0 0.466633 0.418576 0.032625 0.019931
0 0.408117 0.413194 0.028641 0.024611
0 0.345203 0.405000 0.034531 0.022111
0 0.291625 0.418319 0.020313 0.019861
0 0.262422 0.414708 0.020828 0.019861
0 0.235633 0.402743 0.017516 0.015792
0 0.173039 0.399361 0.015234 0.014444
0 0.188527 0.393937 0.012695 0.013542
0 0.215062 0.405451 0.025141 0.017597
0 0.248582 0.445396 0.032242 0.033403
0 0.257090 0.480382 0.035039 0.040181
0 0.379863 0.477153 0.035336 0.035889
0 0.530625 0.583257 0.052594 0.064764
0 0.663734 0.968319 0.109734 0.063361
