0 0.599145 0.640486 0.070711 0.081583
0 0.433559 0.900639 0.103758 0.198722
0 0.635980 0.561743 0.044930 0.050153
0 0.307891 0.528194 0.042344 0.064167
0 0.382117 0.625924 0.050766 0.073792
0 0.334109 0.427292 0.029906 0.028750
0 0.667188 0.524576 0.042031 0.039708
0 0.506398 0.462938 0.040359 0.037986
0 0.861703 0.702493 0.105594 0.091403
0 0.830715 0.612056 0.071617 0.062139
0 0.985582 0.636264 0.028383 0.087583
0 0.239656 0.521167 0.040266 0.063167
0 0.423809 0.421687 0.037070 0.034153
0 0.273965 0.839493 0.085648 0.135764
0 0.853082 0.942514 0.107055 0.108250
0 0.561664 0.490042 0.041922 0.034056
0 0.567164 0.447722 0.040781 0.033056
0 0.342344 0.410972 0.022656 0.020444
0 0.252957 0.401868 0.025602 0.026819
0 0.232148 0.397201 0.018688 0.019819
0 0.186332 0.393569 0.026070 0.021861
0 0.188246 0.438590 0.028195 0.038181
0 0.190051 0.470944 0.015086 0.046917
0 0.345203 0.494590 0.041156 0.042153
0 0.295035 0.465597 0.039070 0.043500
